0.091395
0.001480
0.001894
0.001689
0.001509
0.001837
0.001597
0.001814
0.001851
0.002020
0.047962
0.002022
0.001747
0.001706
0.001525
0.002009
0.002244
0.002418
0.002398
0.001649
0.087782
0.001712
0.002146
0.001623
0.001625
0.001638
0.001429
0.001975
0.001950
0.001766
0.088793
0.001595
0.001715
0.001754
0.001580
0.001714
0.001692
0.001709
0.001666
0.001713
0.088816
0.001659
0.001654
0.001504
0.001703
0.001648
0.001957
0.001746
0.001825
0.001632
0.096916
0.001681
0.001462
0.001683
0.001727
0.001923
0.001833
0.001630
0.001784
0.001851
0.048486
0.001963
0.001631
0.001658
0.001807
0.001680
0.001717
0.001781
0.001630
0.001561
0.098021
0.001815
0.001778
0.001599
0.001706
0.001643
0.001558
0.001694
0.001845
0.001916
0.090083
0.001748
0.001790
0.001945
0.001414
0.001594
0.001655
0.001764
0.001564
0.001975
0.091045
0.001709
0.001791
0.001773
0.001411
0.001845
0.001536
0.001415
0.001606
0.001534
0.072004
0.001733
0.001861
0.001451
0.001693
0.001903
0.001882
0.001475
0.001571
0.001792
0.069065
0.001689
0.001710
0.001473
0.001791
0.001546
0.001663
0.001734
0.001887
0.001952
0.097666
0.001613
0.001546
0.001599
0.001803
0.001556
0.001565
0.001608
0.001699
0.001728
0.093431
0.001755
0.002852
0.001589
0.001680
0.001633
0.001536
0.001625
0.001595
0.001660
0.092530
0.001887
0.001958
0.001990
0.001789
0.001693
0.001661
0.001743
0.001746
0.001473
0.096088
0.001648
0.001597
0.001414
0.001539
0.001925
0.001781
0.001586
0.001573
0.001732
0.069081
0.001588
0.001538
0.001540
0.001694
0.001439
0.001413
0.001434
0.001599
0.001542
0.091118
0.001579
0.001842
0.001806
0.001650
0.001843
0.001661
0.001448
0.001709
0.001709
0.092555
0.001673
0.001685
0.001602
0.001756
0.002004
0.001669
0.001835
0.001732
0.001635
0.092509
0.001665
0.001597
0.001898
0.001623
0.001770
0.001860
0.001929
0.001592
0.001940
0.097561
0.001617
0.001748
0.001756
0.001745
0.001758
0.001816
0.001721
0.001758
0.001663
0.070352
0.001652
0.001910
0.001622
0.001475
0.001631
0.001770
0.001494
0.001896
0.001523
0.093909
0.001610
0.001598
0.001900
0.001714
0.001726
0.001572
0.001519
0.001681
0.001908
0.097547
0.001542
0.001451
0.001822
0.001644
0.001843
0.001748
0.001815
0.002093
0.001603
0.070872
0.001702
0.001576
0.001627
0.001726
0.001711
0.001837
0.001819
0.001599
0.001679
0.092160
0.001512
0.001585
0.001676
0.001591
0.001904
0.001626
0.001622
0.001932
0.001665
0.098749
0.001625
0.001732
0.001522
0.001637
0.001515
0.001734
0.001643
0.001701
0.001651
0.095741
0.001797
0.001531
0.001577
0.001492
0.001837
0.001683
0.001799
0.001692
0.001665
0.097337
0.001624
0.001489
0.001739
0.001971
0.001584
0.001420
0.001606
0.001633
0.001787
0.093509
0.001714
0.001691
0.001599
0.001837
0.001657
0.001598
0.001615
0.001679
0.001694
