0.001861
0.000283
0.000281
0.000281
0.000280
0.000288
0.000281
0.000282
0.000281
0.000281
0.001865
0.000280
0.000287
0.000281
0.000281
0.000284
0.000281
0.000280
0.000281
0.000282
0.001862
0.000283
0.000282
0.000280
0.000282
0.000281
0.000286
0.000281
0.000282
0.000281
0.001862
0.000281
0.000281
0.000284
0.000281
0.000281
0.000281
0.000282
0.000280
0.000281
0.001869
0.000282
0.000281
0.000283
0.000284
0.000282
0.000281
0.000281
0.000281
0.000282
0.001861
0.000281
0.000281
0.000281
0.000282
0.000290
0.000281
0.000278
0.000282
0.000282
0.001861
0.000283
0.000281
0.000282
0.000280
0.000282
0.000282
0.000281
0.000281
0.000283
0.001862
0.000281
0.000281
0.000282
0.000281
0.000281
0.000283
0.000281
0.000281
0.000278
0.001861
0.000282
0.000284
0.000282
0.000281
0.000281
0.000281
0.000284
0.000281
0.000282
0.001863
0.000280
0.000280
0.000284
0.000281
0.000281
0.000281
0.000281
0.000285
0.000280
0.001869
0.000281
0.000281
0.000282
0.000281
0.000281
0.000282
0.000282
0.000284
0.000281
0.001862
0.000280
0.000282
0.000282
0.000283
0.000282
0.000281
0.000282
0.000282
0.000284
0.001860
0.000281
0.000281
0.000282
0.000283
0.000284
0.000281
0.000281
0.000282
0.000280
0.001872
0.000281
0.000281
0.000281
0.000281
0.000282
0.000283
0.000281
0.000280
0.000282
0.001863
0.000282
0.000281
0.000281
0.000281
0.000281
0.000281
0.000281
0.000283
0.000282
0.001859
0.000281
0.000281
0.000280
0.000284
0.000281
0.000281
0.000280
0.000287
0.000281
0.002123
0.000281
0.000281
0.000280
0.000282
0.000281
0.000282
0.000285
0.000281
0.000281
0.001863
0.000281
0.000281
0.000281
0.000284
0.000281
0.000282
0.000281
0.000281
0.000282
0.001872
0.000284
0.000284
0.000281
0.000284
0.000282
0.000282
0.000285
0.000281
0.000280
0.001867
0.000280
0.000282
0.000282
0.000281
0.000284
0.000281
0.000281
0.000284
0.000280
0.001860
0.000281
0.000281
0.000281
0.000282
0.000281
0.000281
0.000280
0.000282
0.000283
0.001863
0.000281
0.000281
0.000281
0.000282
0.000284
0.000282
0.000281
0.000280
0.000282
0.001861
0.000281
0.000281
0.000283
0.000281
0.000281
0.000281
0.000281
0.000282
0.000280
0.001864
0.000281
0.000281
0.000281
0.000280
0.000287
0.000283
0.000282
0.000283
0.000279
0.001861
0.000280
0.000281
0.000281
0.000288
0.000281
0.000281
0.000281
0.000293
0.000281
0.001861
0.000281
0.000282
0.000281
0.000281
0.000281
0.000281
0.000281
0.000282
0.000282
0.001866
0.000280
0.000280
0.000281
0.000283
0.000281
0.000282
0.000291
0.000281
0.000281
0.001936
0.000282
0.000281
0.000281
0.000281
0.000281
0.000282
0.000281
0.000281
0.000281
0.001864
0.000282
0.000282
0.000283
0.000281
0.000281
0.000282
0.000281
0.000281
0.000281
0.001874
0.000283
0.000281
0.000281
0.000281
0.000286
0.000282
0.000281
0.000282
0.000281
