0.000869
0.000886
0.000696
0.000786
0.000679
0.000663
0.000702
0.000688
0.000777
0.000719
0.000963
0.000818
0.000724
0.000732
0.000666
0.000575
0.000746
0.000674
0.000664
0.000658
0.000847
0.000665
0.000600
0.000671
0.000573
0.000762
0.000858
0.002202
0.000988
0.000953
0.001411
0.000840
0.000676
0.001248
0.000819
0.000999
0.001239
0.001036
0.000822
0.000874
0.001318
0.000624
0.000671
0.000821
0.000816
0.000722
0.000897
0.001112
0.000680
0.000774
0.000855
0.000646
0.000880
0.000660
0.000656
0.000625
0.000620
0.000501
0.000614
0.000750
0.000950
0.000701
0.000622
0.000623
0.000653
0.000692
0.000687
0.000662
0.000647
0.000734
0.000824
0.000633
0.000672
0.000693
0.000595
0.000724
0.000685
0.000634
0.000817
0.000625
0.000914
0.000558
0.000613
0.000723
0.000724
0.000712
0.000873
0.000679
0.001013
0.000622
0.000988
0.000636
0.000741
0.000685
0.000661
0.000578
0.000621
0.000744
0.001636
0.000578
0.000910
0.000927
0.000689
0.000808
0.000809
0.000769
0.000574
0.000552
0.000767
0.000668
0.000867
0.000794
0.000635
0.000715
0.000719
0.000857
0.000886
0.000624
0.000585
0.000597
0.000887
0.000568
0.000663
0.000673
0.000714
0.000619
0.000747
0.000647
0.000728
0.000762
0.000930
0.000659
0.000977
0.000593
0.000661
0.000990
0.000729
0.000686
0.000628
0.000594
0.000920
0.000563
0.000723
0.000539
0.000711
0.000775
0.000579
0.000696
0.000578
0.000576
0.000942
0.000661
0.000702
0.000590
0.000777
0.000613
0.000591
0.000621
0.000676
0.000517
0.000878
0.000670
0.000588
0.001023
0.000656
0.000746
0.000560
0.000693
0.000659
0.000774
0.000861
0.000562
0.000645
0.000739
0.000690
0.001381
0.000710
0.000734
0.000722
0.000730
0.000993
0.001119
0.000673
0.000749
0.000785
0.000767
0.000639
0.000720
0.000584
0.000529
0.000900
0.000729
0.000604
0.000556
0.000682
0.000566
0.000642
0.000617
0.000597
0.000563
0.000874
0.000728
0.000686
0.000600
0.000777
0.000675
0.000682
0.000780
0.000780
0.000661
0.000814
0.000827
0.000590
0.000704
0.000760
0.000737
0.000689
0.000702
0.000661
0.000739
0.000911
0.000628
0.000753
0.000569
0.000645
0.000684
0.000592
0.000803
0.000925
0.000684
0.001048
0.000566
0.000922
0.000618
0.000710
0.000713
0.000626
0.000569
0.000574
0.000679
0.000904
0.000740
0.000604
0.000695
0.000791
0.000652
0.000773
0.000583
0.000681
0.000843
0.000880
0.000784
0.001256
0.000987
0.000721
0.001342
0.001258
0.000932
0.000822
0.000881
0.000900
0.001254
0.000835
0.001038
0.001269
0.000759
0.000761
0.002189
0.000897
0.000703
0.001043
0.000956
0.000727
0.000588
0.000722
0.000840
0.000731
0.000631
0.000732
0.000873
0.000920
0.000720
0.000629
0.000638
0.000731
0.000686
0.000641
0.000725
0.000679
0.000738
0.000848
0.000757
0.000714
0.000570
0.000758
0.000677
0.000669
0.000622
0.000734
0.000755
