0.003888
0.002508
0.001746
0.001184
0.001150
0.001071
0.002013
0.001308
0.001772
0.002143
0.005418
0.001186
0.001637
0.001093
0.000967
0.001038
0.000988
0.001329
0.001076
0.000906
0.005955
0.000906
0.001037
0.001493
0.001470
0.001020
0.000808
0.001190
0.000954
0.000708
0.009753
0.000829
0.000809
0.000796
0.000974
0.000895
0.000832
0.000829
0.000681
0.000825
0.008599
0.000899
0.000996
0.000978
0.000910
0.000898
0.000853
0.000895
0.000864
0.000684
0.007898
0.001045
0.000750
0.000763
0.000689
0.000744
0.000870
0.000743
0.000793
0.000631
0.005100
0.000837
0.000938
0.000754
0.000897
0.000718
0.000882
0.000768
0.000702
0.001028
0.008735
0.000885
0.000897
0.000805
0.000709
0.000831
0.000783
0.000831
0.001073
0.000879
0.008035
0.000884
0.000925
0.000690
0.000640
0.000831
0.000932
0.000730
0.000656
0.001139
0.008114
0.000856
0.000856
0.000804
0.000706
0.000937
0.000724
0.000760
0.000879
0.000857
0.008955
0.000670
0.000850
0.000739
0.000741
0.001067
0.000832
0.000868
0.000902
0.000862
0.007878
0.000921
0.000833
0.000906
0.000883
0.000869
0.000884
0.000673
0.000799
0.000755
0.008307
0.000932
0.000745
0.000851
0.000639
0.000862
0.000848
0.000882
0.000788
0.000729
0.008137
0.000940
0.000643
0.000834
0.000872
0.000855
0.000882
0.000829
0.000826
0.000923
0.007850
0.000755
0.000894
0.000779
0.000697
0.000880
0.000798
0.000713
0.000852
0.000691
0.009434
0.000728
0.000925
0.000757
0.000744
0.000717
0.000872
0.001168
0.000902
0.000738
0.009390
0.000978
0.000689
0.000868
0.000622
0.000940
0.000722
0.000806
0.000739
0.000739
0.009213
0.000797
0.001031
0.000731
0.000856
0.000809
0.000908
0.000835
0.000916
0.000756
0.007974
0.000927
0.000718
0.000702
0.000638
0.000822
0.000710
0.000933
0.000864
0.000768
0.009776
0.000671
0.000835
0.000842
0.000888
0.000758
0.000765
0.000838
0.000781
0.000715
0.008064
0.000861
0.000885
0.000888
0.000910
0.000855
0.000840
0.001055
0.000692
0.000719
0.008408
0.000752
0.000818
0.000781
0.000803
0.000892
0.000890
0.000789
0.000681
0.000812
0.008742
0.000878
0.000939
0.000655
0.000976
0.000704
0.000877
0.000686
0.000866
0.001013
0.007685
0.000788
0.000661
0.000899
0.000658
0.000860
0.000681
0.000664
0.000856
0.000683
0.008196
0.001176
0.000909
0.000908
0.000754
0.000811
0.000654
0.000694
0.000826
0.000666
0.007125
0.000952
0.000814
0.000677
0.000862
0.000661
0.000721
0.000879
0.000874
0.000866
0.008477
0.000719
0.000855
0.000914
0.000711
0.000857
0.000821
0.000919
0.001015
0.000918
0.008732
0.000635
0.000648
0.001092
0.000847
0.000703
0.000681
0.000600
0.000885
0.000694
0.007272
0.000853
0.000854
0.000870
0.000888
0.001164
0.000679
0.000708
0.000769
0.000848
0.006095
0.000910
0.000800
0.000745
0.001393
0.000722
0.000877
0.000850
0.000679
0.000846
