0.000188
0.000029
0.000029
0.000029
0.000029
0.000029
0.000029
0.000029
0.000029
0.000029
0.000187
0.000029
0.000029
0.000029
0.000029
0.000029
0.000029
0.000029
0.000029
0.000029
0.000186
0.000029
0.000029
0.000029
0.000029
0.000029
0.000029
0.000029
0.000029
0.000029
0.000186
0.000029
0.000029
0.000030
0.000029
0.000029
0.000029
0.000029
0.000029
0.000029
0.000187
0.000039
0.000029
0.000029
0.000029
0.000029
0.000029
0.000029
0.000029
0.000029
0.000187
0.000029
0.000029
0.000029
0.000029
0.000029
0.000029
0.000029
0.000029
0.000029
0.000188
0.000029
0.000029
0.000029
0.000030
0.000029
0.000029
0.000029
0.000029
0.000029
0.000190
0.000029
0.000029
0.000029
0.000029
0.000029
0.000029
0.000029
0.000031
0.000029
0.000191
0.000029
0.000029
0.000029
0.000029
0.000029
0.000029
0.000029
0.000029
0.000029
0.000186
0.000029
0.000029
0.000029
0.000029
0.000029
0.000029
0.000029
0.000029
0.000029
0.000187
0.000029
0.000029
0.000029
0.000029
0.000029
0.000031
0.000029
0.000029
0.000029
0.000186
0.000029
0.000029
0.000029
0.000029
0.000029
0.000029
0.000029
0.000029
0.000029
0.000186
0.000029
0.000029
0.000029
0.000029
0.000029
0.000029
0.000029
0.000029
0.000029
0.000189
0.000029
0.000029
0.000029
0.000029
0.000029
0.000029
0.000029
0.000029
0.000029
0.000186
0.000029
0.000029
0.000029
0.000029
0.000029
0.000029
0.000029
0.000029
0.000029
0.000186
0.000029
0.000029
0.000029
0.000029
0.000029
0.000031
0.000029
0.000029
0.000029
0.000186
0.000029
0.000029
0.000029
0.000029
0.000029
0.000029
0.000029
0.000029
0.000029
0.000186
0.000029
0.000029
0.000030
0.000029
0.000029
0.000029
0.000029
0.000029
0.000029
0.000186
0.000029
0.000029
0.000029
0.000029
0.000029
0.000029
0.000029
0.000029
0.000029
0.000187
0.000029
0.000029
0.000029
0.000029
0.000029
0.000029
0.000029
0.000029
0.000029
0.000189
0.000029
0.000029
0.000029
0.000029
0.000029
0.000029
0.000029
0.000029
0.000029
0.000192
0.000029
0.000029
0.000029
0.000029
0.000029
0.000029
0.000029
0.000029
0.000029
0.000187
0.000029
0.000029
0.000029
0.000029
0.000029
0.000029
0.000029
0.000029
0.000029
0.000187
0.000029
0.000029
0.000029
0.000029
0.000029
0.000029
0.000029
0.000029
0.000029
0.000186
0.000029
0.000029
0.000029
0.000029
0.000029
0.000029
0.000029
0.000029
0.000029
0.000187
0.000029
0.000029
0.000029
0.000029
0.000030
0.000029
0.000029
0.000029
0.000029
0.000186
0.000029
0.000029
0.000029
0.000029
0.000029
0.000029
0.000029
0.000029
0.000029
0.000186
0.000029
0.000029
0.000029
0.000029
0.000029
0.000029
0.000029
0.000029
0.000029
0.000186
0.000029
0.000029
0.000030
0.000029
0.000029
0.000029
0.000029
0.000029
0.000029
0.000188
0.000029
0.000029
0.000029
0.000031
0.000029
0.000029
0.000029
0.000029
0.000029
0.000186
0.000029
0.000029
0.000029
0.000029
0.000029
0.000029
0.000029
0.000029
0.000029
0.000187
0.000029
0.000029
0.000029
0.000029
0.000029
0.000029
0.000029
0.000029
0.000029
0.000187
0.000029
0.000029
0.000030
0.000029
0.000029
0.000029
0.000029
0.000029
0.000029
0.000187
0.000029
0.000029
0.000029
0.000029
0.000029
0.000029
0.000029
0.000030
0.000029
0.000186
0.000029
0.000029
0.000029
0.000029
0.000029
0.000029
0.000029
0.000029
0.000029
0.000187
0.000029
0.000029
0.000029
0.000029
0.000029
0.000029
0.000029
0.000029
0.000029
0.000191
0.000029
0.000029
0.000029
0.000029
0.000029
0.000029
0.000029
0.000029
0.000029
0.000187
0.000029
0.000029
0.000029
0.000029
0.000029
0.000029
0.000029
0.000029
0.000029
0.000186
0.000029
0.000029
0.000029
0.000029
0.000029
0.000029
0.000029
0.000029
0.000029
0.000187
0.000029
0.000029
0.000029
0.000029
0.000029
0.000029
0.000029
0.000029
0.000029
0.000186
0.000030
0.000029
0.000029
0.000029
0.000029
0.000029
0.000029
0.000029
0.000029
0.000197
0.000029
0.000029
0.000029
0.000029
0.000029
0.000029
0.000029
0.000029
0.000029
0.000186
0.000029
0.000029
0.000029
0.000029
0.000029
0.000029
0.000029
0.000029
0.000029
0.000189
0.000029
0.000029
0.000029
0.000029
0.000029
0.000029
0.000029
0.000029
0.000029
0.000186
0.000029
0.000029
0.000029
0.000029
0.000029
0.000029
0.000029
0.000029
0.000029
0.000186
0.000029
0.000029
0.000029
0.000029
0.000029
0.000029
0.000029
0.000029
0.000028
0.000189
0.000029
0.000029
0.000029
0.000029
0.000029
0.000029
0.000029
0.000029
0.000029
0.000187
0.000029
0.000029
0.000029
0.000029
0.000029
0.000029
0.000029
0.000029
0.000029
0.000186
0.000029
0.000029
0.000029
0.000029
0.000029
0.000029
0.000029
0.000029
0.000029
0.000186
0.000029
0.000029
0.000029
0.000029
0.000029
0.000029
0.000029
0.000029
0.000029
0.000187
0.000029
0.000029
0.000029
0.000029
0.000029
0.000028
0.000030
0.000029
0.000029
0.000197
0.000029
0.000029
0.000029
0.000029
0.000029
0.000029
0.000029
0.000029
0.000029
0.000188
0.000029
0.000029
0.000029
0.000029
0.000029
0.000029
0.000029
0.000029
0.000029
0.000186
0.000029
0.000029
0.000029
0.000029
0.000029
0.000029
0.000029
0.000029
0.000030
0.000197
0.000029
0.000029
0.000029
0.000029
0.000029
0.000029
0.000030
0.000029
0.000029
0.000186
0.000029
0.000029
0.000029
0.000029
0.000029
0.000029
0.000029
0.000029
0.000029
0.000186
0.000030
0.000029
0.000029
0.000029
0.000030
0.000029
0.000029
0.000029
0.000029
0.000187
0.000029
0.000029
0.000029
0.000030
0.000029
0.000029
0.000029
0.000029
0.000029
0.000186
0.000029
0.000029
0.000029
0.000029
0.000029
0.000029
0.000029
0.000029
0.000029
0.000188
0.000029
0.000029
0.000029
0.000029
0.000029
0.000029
0.000029
0.000029
0.000029
