0.018625
0.002834
0.002820
0.002810
0.002816
0.002816
0.002813
0.002811
0.002834
0.002811
0.018621
0.002812
0.002810
0.002823
0.002821
0.002810
0.002812
0.002813
0.002813
0.002813
0.018648
0.002810
0.002808
0.002808
0.002818
0.002807
0.002834
0.002813
0.002812
0.002808
0.018611
0.002839
0.002834
0.002806
0.002807
0.002822
0.002824
0.002815
0.002837
0.002827
0.018602
0.002812
0.002809
0.002808
0.002828
0.002815
0.002809
0.002819
0.002810
0.002813
0.018759
0.002819
0.002810
0.002820
0.002818
0.002811
0.002846
0.002829
0.002814
0.002821
0.018607
0.002813
0.002819
0.002808
0.002819
0.002818
0.002807
0.002811
0.002805
0.002819
0.018637
0.002813
0.002808
0.002816
0.002849
0.002819
0.002814
0.002809
0.002818
0.002820
0.018804
0.002814
0.002812
0.002821
0.002815
0.002818
0.002810
0.002818
0.002817
0.002811
0.018621
0.002806
0.002845
0.002816
0.002815
0.002814
0.002821
0.002806
0.002817
0.002876
0.018611
0.002803
0.002809
0.002821
0.002811
0.002817
0.002814
0.002815
0.002812
0.002810
0.018782
0.002812
0.002814
0.002811
0.002807
0.002811
0.002816
0.002833
0.002810
0.002818
0.018603
0.002817
0.002837
0.002825
0.002811
0.002813
0.002809
0.002819
0.002815
0.002842
0.018650
0.002821
0.002813
0.002815
0.002810
0.002828
0.002809
0.002810
0.002820
0.002812
0.018708
0.002816
0.002810
0.002826
0.002811
0.002813
0.002817
0.002838
0.002828
0.002809
0.018619
0.002808
0.002822
0.002830
0.002816
0.002810
0.002813
0.002820
0.002813
0.002812
0.018618
0.002814
0.002813
0.002820
0.002814
0.002847
0.002817
0.002815
0.002812
0.002811
0.018620
0.002823
0.002818
0.002818
0.002815
0.002807
0.002812
0.002814
0.002823
0.002813
0.018619
0.002811
0.002814
0.002856
0.002811
0.002813
0.002817
0.002810
0.002814
0.002808
0.018613
0.002809
0.002811
0.002808
0.002828
0.002819
0.002828
0.002812
0.002808
0.002812
0.018615
0.002863
0.002808
0.002824
0.002811
0.002817
0.002812
0.002812
0.002827
0.002814
0.018624
0.002817
0.002808
0.002841
0.002825
0.002820
0.002818
0.002817
0.002807
0.002808
0.018670
0.002818
0.002812
0.002821
0.002810
0.002813
0.002822
0.002816
0.002804
0.002812
0.018614
0.002836
0.002822
0.002811
0.002814
0.002814
0.002807
0.002817
0.002855
0.002816
0.018619
0.002807
0.002818
0.002812
0.002823
0.002814
0.002809
0.002810
0.002817
0.002808
0.018811
0.002810
0.002810
0.002815
0.002820
0.002813
0.002835
0.002818
0.002811
0.002820
0.018604
0.002808
0.002824
0.002810
0.002813
0.002815
0.002813
0.002815
0.002822
0.002823
0.018601
0.002814
0.002816
0.002818
0.002843
0.002816
0.002821
0.002817
0.002816
0.002815
0.018799
0.002814
0.002812
0.002812
0.002808
0.002817
0.002817
0.002825
0.002813
0.002818
0.018620
0.002812
0.002844
0.002821
0.002814
0.002808
0.002814
0.002808
0.002810
0.002860
