0.047475
0.001129
0.001381
0.001347
0.001100
0.001111
0.001388
0.001285
0.001140
0.001124
0.073347
0.001332
0.001158
0.001311
0.001206
0.001358
0.001342
0.001210
0.001212
0.001120
0.085572
0.001288
0.001252
0.001228
0.001291
0.001374
0.001729
0.001314
0.001158
0.001298
0.090085
0.001322
0.001348
0.001096
0.001342
0.001104
0.001644
0.001452
0.001160
0.001214
0.083624
0.001314
0.001120
0.001175
0.001106
0.001468
0.001609
0.001169
0.001232
0.001732
0.087843
0.001134
0.001279
0.001106
0.001367
0.001088
0.001333
0.001156
0.001118
0.001296
0.084779
0.001226
0.001272
0.001460
0.001301
0.001489
0.001286
0.001554
0.001188
0.001319
0.090032
0.001272
0.001205
0.001479
0.001605
0.001136
0.001525
0.001133
0.001143
0.001457
0.090421
0.001368
0.001387
0.001222
0.001616
0.001195
0.001120
0.001262
0.001193
0.001371
0.086467
0.001121
0.001121
0.001132
0.001494
0.001545
0.001162
0.001162
0.001409
0.001108
0.068280
0.001725
0.001370
0.001113
0.001180
0.001524
0.002179
0.001151
0.001148
0.001617
0.090419
0.001170
0.001168
0.001320
0.001292
0.001092
0.001333
0.001170
0.001269
0.001501
0.046949
0.001213
0.001310
0.001333
0.001530
0.001210
0.001283
0.001162
0.001232
0.001326
0.094040
0.001363
0.001139
0.001594
0.001365
0.001147
0.001105
0.001171
0.001262
0.001373
0.089661
0.001311
0.001195
0.001311
0.001113
0.001334
0.001232
0.001595
0.001245
0.001248
0.083430
0.001401
0.001615
0.001423
0.001158
0.001601
0.001334
0.001526
0.001487
0.001207
0.089425
0.001126
0.001098
0.001161
0.001204
0.001602
0.001254
0.001378
0.001293
0.001532
0.047607
0.001202
0.001092
0.001168
0.001205
0.001274
0.001320
0.001097
0.001692
0.001367
0.092741
0.001113
0.001499
0.001296
0.001121
0.001322
0.001173
0.001210
0.001093
0.001538
0.087816
0.001580
0.001096
0.001340
0.001305
0.001188
0.001395
0.002034
0.001284
0.001594
0.087486
0.001210
0.001274
0.001241
0.001484
0.001277
0.001330
0.001254
0.001136
0.001234
0.086896
0.001393
0.001409
0.001130
0.001210
0.001606
0.001548
0.001175
0.001328
0.001180
0.047619
0.001211
0.001638
0.001213
0.001105
0.001418
0.001304
0.001123
0.001298
0.001398
0.091085
0.001162
0.001299
0.001193
0.001196
0.001373
0.001155
0.001171
0.001277
0.001095
0.047394
0.001257
0.001429
0.001366
0.001556
0.001317
0.001485
0.001189
0.001533
0.001192
0.084994
0.001131
0.001110
0.001200
0.001281
0.001090
0.001127
0.001302
0.001208
0.001116
0.088654
0.001157
0.001251
0.001312
0.001226
0.001146
0.001192
0.001522
0.001301
0.001181
0.089641
0.001165
0.001200
0.001581
0.001679
0.001513
0.001134
0.001279
0.001189
0.001082
0.071268
0.001302
0.001361
0.001258
0.001329
0.001337
0.001448
0.001322
0.001116
0.001224
0.055033
0.001371
0.001476
0.001379
0.001541
0.001394
0.001376
0.001298
0.001383
0.001351
