0.000726
0.000066
0.000081
0.000076
0.000081
0.000053
0.000067
0.000080
0.000046
0.000065
0.000660
0.000097
0.000053
0.000096
0.000096
0.000066
0.000065
0.000081
0.000067
0.000064
0.000602
0.000111
0.000081
0.000079
0.000065
0.000096
0.000081
0.000081
0.000099
0.000070
0.000843
0.000068
0.000081
0.000053
0.000066
0.000061
0.000081
0.000080
0.000086
0.000085
0.000775
0.000065
0.000084
0.000065
0.000067
0.000068
0.000081
0.000096
0.000065
0.000068
0.000815
0.000130
0.000126
0.000081
0.000106
0.000181
0.000097
0.000066
0.000236
0.000074
0.000543
0.000095
0.000094
0.000082
0.000126
0.000161
0.000081
0.000112
0.000082
0.000115
0.000477
0.000081
0.000126
0.000126
0.000115
0.000095
0.000080
0.000112
0.000065
0.000081
0.000463
0.000047
0.000066
0.000065
0.000155
0.000069
0.000066
0.000066
0.000401
0.002242
0.000345
0.000081
0.000099
0.000075
0.000098
0.000124
0.000112
0.000049
0.000101
0.000290
0.000413
0.000141
0.000074
0.000083
0.000066
0.000096
0.000074
0.000086
0.000060
0.000156
0.000787
0.000153
0.000112
0.000072
0.000067
0.000072
0.000082
0.001217
0.000063
0.000096
0.000797
0.000113
0.000096
0.000067
0.000101
0.000126
0.000097
0.000067
0.000064
0.000066
0.000616
0.000096
0.000082
0.000063
0.000066
0.000058
0.000070
0.000073
0.000049
0.000067
0.000754
0.000066
0.000068
0.000095
0.000066
0.000155
0.000097
0.000081
0.000068
0.000056
0.000749
0.000102
0.000081
0.000563
0.000097
0.000046
0.000075
0.000096
0.000066
0.000055
0.000736
0.000051
0.000082
0.000097
0.000775
0.000127
0.000109
0.000085
0.000241
0.000137
0.000537
0.000108
0.000127
0.000141
0.000097
0.000097
0.000103
0.000066
0.000080
0.000077
0.000457
0.000089
0.000097
0.000062
0.000080
0.000066
0.000075
0.000079
0.000050
0.000082
0.000614
0.000066
0.000086
0.000067
0.000065
0.000098
0.000097
0.000080
0.000050
0.000050
0.000731
0.000066
0.000081
0.000058
0.000048
0.000098
0.000080
0.000083
0.000058
0.000095
0.000726
0.000067
0.000279
0.000066
0.000066
0.000097
0.000081
0.000096
0.000112
0.000066
0.000667
0.000052
0.000068
0.000096
0.000103
0.000112
0.000100
0.000097
0.000053
0.000129
0.001091
0.000072
0.000058
0.000092
0.000099
0.000065
0.000093
0.000078
0.000067
0.000050
0.000623
0.000108
0.000053
0.000087
0.000066
0.000095
0.000130
0.000097
0.000059
0.000092
0.000718
0.000080
0.000049
0.000076
0.000096
0.000097
0.000111
0.000066
0.000096
0.000067
0.000688
0.000070
0.000112
0.000067
0.000097
0.000100
0.000066
0.000097
0.000066
0.000070
0.000384
0.000112
0.000100
0.000051
0.000080
0.000111
0.000065
0.000098
0.000096
0.000081
0.000809
0.000068
0.000052
0.000080
0.000084
0.000100
0.000066
0.000052
0.000081
0.000109
0.000823
0.000056
0.000068
0.000111
0.000120
0.000097
0.000067
0.000081
0.000093
0.000067
0.000767
0.000065
0.000097
0.000065
0.000111
0.000051
0.000100
0.000081
0.000111
0.000081
0.000680
0.000081
0.000072
0.000096
0.000063
0.000069
0.000098
0.000066
0.000081
0.000055
0.000855
0.000127
0.000054
0.000111
0.000098
0.000066
0.000071
0.000096
0.000080
0.000069
0.000636
0.000111
0.000081
0.000099
0.000126
0.000064
0.000055
0.000112
0.000097
0.000067
0.000734
0.000082
0.000051
0.000070
0.000068
0.000064
0.000096
0.000081
0.000096
0.000079
