0.007875
0.000166
0.000203
0.000198
0.000173
0.000205
0.000203
0.000186
0.000196
0.000182
0.008690
0.000288
0.000152
0.000215
0.000238
0.000166
0.000235
0.000195
0.000185
0.000189
0.005073
0.000214
0.000338
0.000335
0.000312
0.000382
0.000205
0.000210
0.000327
0.000378
0.006778
0.000296
0.000205
0.000235
0.000340
0.000250
0.000186
0.000208
0.000202
0.000153
0.007254
0.000242
0.000244
0.000174
0.000202
0.000156
0.000206
0.000185
0.000203
0.000162
0.004356
0.000253
0.000203
0.000198
0.000151
0.000377
0.000219
0.000192
0.000190
0.000202
0.007699
0.000176
0.000191
0.000290
0.000186
0.000227
0.000180
0.000224
0.000155
0.000227
0.006807
0.000191
0.000256
0.000180
0.000194
0.000177
0.000192
0.000178
0.000205
0.000145
0.008171
0.000179
0.000653
0.000160
0.000283
0.000283
0.000258
0.000254
0.000233
0.000184
0.006983
0.000233
0.000197
0.000303
0.000223
0.000185
0.000268
0.000280
0.000166
0.000241
0.008291
0.000154
0.000226
0.000205
0.000252
0.000207
0.000214
0.000197
0.000453
0.000178
0.007268
0.000169
0.000218
0.000196
0.000163
0.000224
0.000233
0.000559
0.000160
0.000285
0.006405
0.000339
0.000294
0.000206
0.000450
0.000329
0.000185
0.000195
0.000234
0.000217
0.007611
0.000343
0.000175
0.000166
0.000215
0.000234
0.000321
0.000276
0.000210
0.000275
0.006390
0.000147
0.000172
0.000203
0.000375
0.000224
0.000149
0.000201
0.000277
0.000260
0.007492
0.000182
0.000392
0.000306
0.000236
0.000198
0.001053
0.000158
0.000195
0.000285
0.004532
0.000351
0.000290
0.000292
0.000264
0.000212
0.000214
0.000382
0.000225
0.000567
0.004942
0.000340
0.000276
0.000193
0.000203
0.000330
0.000221
0.000310
0.000550
0.000366
0.003874
0.000209
0.000230
0.000377
0.000214
0.001083
0.000877
0.000196
0.000226
0.000334
0.003239
0.000489
0.000389
0.000214
0.000403
0.000369
0.000378
0.000256
0.000272
0.000284
0.006458
0.000270
0.000184
0.000227
0.000897
0.000301
0.000165
0.000214
0.000414
0.000210
0.003869
0.000169
0.000231
0.000253
0.000182
0.000649
0.000214
0.000317
0.000292
0.000297
0.007824
0.000310
0.000314
0.000161
0.000398
0.000245
0.000410
0.000401
0.000488
0.000272
0.006834
0.000277
0.000301
0.001342
0.000340
0.000378
0.000216
0.000341
0.000342
0.000337
0.005784
0.000277
0.000339
0.000288
0.000343
0.000309
0.000271
0.000227
0.000341
0.000386
0.006196
0.000339
0.000207
0.000169
0.000179
0.000261
0.000225
0.000246
0.000960
0.000217
0.006532
0.000227
0.000301
0.000216
0.000195
0.000225
0.000515
0.000204
0.000193
0.000238
0.005932
0.000378
0.000201
0.000213
0.000290
0.000217
0.000328
0.000297
0.000198
0.000216
0.005496
0.000377
0.000337
0.000350
0.000256
0.000959
0.000196
0.000337
0.000378
0.000265
0.005492
0.000297
0.000378
0.000220
0.000221
0.000341
0.000231
0.000255
0.000378
0.000363
