0.000186
0.000029
0.000029
0.000029
0.000029
0.000029
0.000029
0.000029
0.000029
0.000029
0.000835
0.000066
0.000066
0.000049
0.000108
0.000072
0.000064
0.000049
0.000052
0.000111
0.000972
0.000721
0.000751
0.000689
0.000647
0.000563
0.000648
0.000585
0.000900
0.000795
0.001861
0.000281
0.000282
0.000281
0.000284
0.000282
0.000283
0.000282
0.000281
0.000281
0.007454
0.000189
0.000544
0.000275
0.000199
0.000203
0.000215
0.000290
0.000244
0.000145
0.009296
0.000664
0.000747
0.000597
0.000949
0.000820
0.001102
0.000857
0.000741
0.000819
0.018609
0.002819
0.002805
0.002825
0.002855
0.002876
0.002830
0.002807
0.002888
0.002824
0.073970
0.001116
0.001192
0.001197
0.001197
0.001084
0.001277
0.001099
0.001172
0.001134
0.090214
0.001857
0.001512
0.001737
0.001675
0.002149
0.003713
0.002650
0.001489
0.001708
